Step 0:
Reward: 1.800000
PEB: 0.000000
Rate: 421132066.226091 bps/Hz
Power: 30.000000 dBm
Action: [0.3954 1.0000 0.5689 1.0000 0.2125 1.0000 0.0255 -1.0000 0.6601 -0.0921 1.0000 0.0440 -1.0000 0.8064 -0.8890 1.0000 0.2181 -0.8238 -0.5502 -1.0000 -1.0000 1.0000 0.3795 -0.0678 0.1547 1.0000 -0.0799 -0.3499 -0.5064 -0.7133 -0.4053 0.1580 1.0000 -0.8881 -1.0000 -1.0000 -0.8971 0.5753 1.0000 -1.0000 1.0000 -0.3612 -0.1196 0.2343 -0.7883 1.0000 -0.7878 -1.0000 1.0000 0.0059 -0.3962 -0.1385 -0.9526 0.4521 1.0000 -0.4129 0.5844 -0.4286 -0.4738 0.6657 1.0000 1.0000 -1.0000 0.7308 ]
Jzao: [177.4735 -19.7952 4336.0562 1.5130 -12.2083 0.0551 -3053.4964 -19.7952 -2.2035 1132.9173 1.6837 -13.5857 19.4887 -1322.4710 4336.0562 1132.9173 1032275.0766 -3717.3055 29995.6022 -15641.5850 -894628.1965 1.5130 1.6837 -3717.3055 12.7985 -103.2735 137.4668 333.0226 -12.2083 -13.5857 29995.6022 -103.2735 833.3323 -1109.2440 -2687.2184 0.0551 19.4887 -15641.5850 137.4668 -1109.2440 87165.0427 194807.3845 -3053.4964 -1322.4710 -894628.1965 333.0226 -2687.2184 194807.3845 -16888368.5121 ]
H_combined: [0.0339 -0.0082 0.0356 0.0358 0.0226 -0.0395 -0.0103 -0.0324 0.0343 -0.0104 0.0402 0.0312 0.0219 -0.0419 -0.0066 -0.0375 ]
Fisher Information Matrix: [0.0477 0.0648 0.0648 -0.0231 ]
--------------------------------------------

Step 1:
Reward: 0.179400
PEB: 5.574140
Rate: 430801405.423400 bps/Hz
Power: 30.000000 dBm
Action: [1.0000 -1.0000 1.0000 -0.5857 0.5122 0.9375 -1.0000 1.0000 0.2003 -0.1198 0.3680 0.2414 -0.9926 -1.0000 0.5243 -0.6379 1.0000 0.5215 1.0000 0.6892 -1.0000 -1.0000 -0.1666 -1.0000 1.0000 -1.0000 -0.9189 -0.3832 0.3816 -0.9900 1.0000 -0.3076 -0.6583 0.7326 1.0000 1.0000 -0.0886 -0.4001 0.2112 0.9414 0.0522 0.4003 -0.6441 -0.5401 1.0000 0.1989 1.0000 1.0000 -0.0424 1.0000 1.0000 0.9872 -1.0000 -0.4292 -1.0000 0.8469 0.4388 0.8905 1.0000 -1.0000 -1.0000 -0.1147 0.2960 0.8179 ]
Jzao: [-120.2394 -21.3763 2938.4657 10.2371 -82.6158 131.0374 2478.0137 -21.3763 1.9990 -2529.7309 5.8956 -47.5789 -6.2618 -1638.1669 2938.4657 -2529.7309 1072699.5179 -1590.2866 12833.9506 -73376.0649 -1176648.7625 10.2371 5.8956 -1590.2866 -11.6082 93.6809 343.0673 748.6219 -82.6158 -47.5789 12833.9506 93.6809 -756.0246 -2768.6258 -6041.5380 131.0374 -6.2618 -73376.0649 343.0673 -2768.6258 5764.6958 598300.6329 2478.0137 -1638.1669 -1176648.7625 748.6219 -6041.5380 598300.6329 16445622.7845 ]
H_combined: [0.0502 -0.0246 0.0454 0.0333 0.0400 -0.0552 0.0017 -0.0354 0.0500 -0.0276 0.0522 0.0258 0.0384 -0.0583 0.0074 -0.0434 ]
Fisher Information Matrix: [0.1275 0.0029 0.0029 0.0431 ]
--------------------------------------------

Step 2:
Reward: 1.800000
PEB: 0.000000
Rate: 365626100.720007 bps/Hz
Power: 30.000000 dBm
Action: [0.2780 0.6170 1.0000 -0.8863 -0.4126 0.1191 -0.6040 -1.0000 1.0000 -0.4035 0.7546 0.4630 1.0000 0.3306 -1.0000 -0.2937 -0.6681 0.3065 0.7831 -0.0765 1.0000 0.4272 -0.1527 0.0439 -1.0000 -0.3720 -0.2301 -0.4861 -0.9306 -0.4518 1.0000 0.2783 1.0000 1.0000 -0.3621 -0.1466 0.3961 -0.0872 -0.0523 -1.0000 1.0000 0.4045 -1.0000 1.0000 0.6607 -0.5528 0.5333 0.6784 -0.3388 -0.1635 -1.0000 -0.6247 -0.7483 0.4725 -1.0000 -0.0129 -0.1945 0.0397 1.0000 1.0000 -1.0000 -0.7564 0.7844 -0.9926 ]
Jzao: [-611.6572 -15.1387 -25496.4090 143.4543 -1157.8546 -27.2124 9913.7679 -15.1387 3.6367 -2803.6724 1.8507 -14.9377 -29.3175 -346.4158 -25496.4090 -2803.6724 -450877.3322 3038.4571 -24524.1350 -10748.6662 -2234735.6975 143.4543 1.8507 3038.4571 -21.1132 170.4098 -37.5585 9966.7851 -1157.8546 -14.9377 -24524.1350 170.4098 -1375.4198 303.1442 -80444.3754 -27.2124 -29.3175 -10748.6662 -37.5585 303.1442 -2814.4873 -77551.6513 9913.7679 -346.4158 -2234735.6975 9966.7851 -80444.3754 -77551.6513 51628414.9902 ]
H_combined: [0.0126 0.0015 0.0357 0.0220 0.0029 -0.0256 -0.0102 -0.0426 0.0111 0.0028 0.0362 0.0210 0.0006 -0.0248 -0.0105 -0.0440 ]
Fisher Information Matrix: [0.1237 -0.1230 -0.1230 0.0650 ]
--------------------------------------------

Step 3:
Reward: 0.114579
PEB: 8.727569
Rate: 441826019.217001 bps/Hz
Power: 30.000000 dBm
Action: [1.0000 0.5586 0.7118 -1.0000 -0.4506 -0.2410 0.7961 0.8332 -0.7302 0.2793 1.0000 1.0000 1.0000 -1.0000 0.1907 -0.2117 -0.5162 0.7860 1.0000 -1.0000 -1.0000 -1.0000 -0.9648 -0.2748 -1.0000 -0.2953 0.6036 -0.8450 0.6754 0.2142 -1.0000 1.0000 -0.1587 0.5548 -1.0000 1.0000 0.4346 -1.0000 0.9758 0.2841 0.4864 1.0000 1.0000 1.0000 1.0000 0.0400 1.0000 1.0000 0.9269 -0.4228 -0.6733 -0.6202 -1.0000 -0.2707 0.4962 -0.1644 -0.6439 1.0000 0.8947 1.0000 1.0000 -1.0000 -1.0000 -0.8372 ]
Jzao: [-54.0536 5.3922 -22500.7296 104.8985 -846.7699 -73.1279 1072.4132 5.3922 1.9488 -2117.5079 4.0343 -32.5657 -102.7223 906.5888 -22500.7296 -2117.5079 580391.7378 -402.5245 3249.2908 -8365.1324 -787343.3105 104.8985 4.0343 -402.5245 -11.3116 91.3103 -276.4243 6693.1565 -846.7699 -32.5657 3249.2908 91.3103 -737.0820 2231.3744 -54029.0336 -73.1279 -102.7223 -8365.1324 -276.4243 2231.3744 20715.1922 -403147.6732 1072.4132 906.5888 -787343.3105 6693.1565 -54029.0336 -403147.6732 6543600.0137 ]
H_combined: [0.0521 -0.0341 0.0555 0.0214 0.0435 -0.0616 0.0136 -0.0457 0.0499 -0.0357 0.0617 0.0135 0.0399 -0.0631 0.0186 -0.0540 ]
Fisher Information Matrix: [0.0632 0.0087 0.0087 0.0181 ]
--------------------------------------------

Step 4:
Reward: 1.800000
PEB: 0.000000
Rate: 438226730.310139 bps/Hz
Power: 30.000000 dBm
Action: [1.0000 -1.0000 -0.8256 -0.1417 1.0000 1.0000 -1.0000 -0.6714 0.1410 0.3842 -0.7800 -0.1363 0.5386 1.0000 -0.3305 0.9489 1.0000 -0.4419 -0.3831 -0.9898 -1.0000 -0.9824 1.0000 0.8551 0.9542 0.3821 -1.0000 0.6590 0.7997 1.0000 -1.0000 -0.5403 1.0000 1.0000 -0.2493 -0.3559 -1.0000 -0.2862 0.7059 -0.1727 0.2666 -1.0000 0.5046 -1.0000 -0.8683 1.0000 0.2564 1.0000 -0.3539 0.2052 0.7678 -0.9616 -0.4297 1.0000 0.6709 -0.2843 1.0000 1.0000 0.1946 1.0000 -1.0000 -0.1786 1.0000 1.0000 ]
Jzao: [168.8778 -28.1566 -16052.4863 111.8488 -902.9908 113.5114 -2582.6632 -28.1566 -0.4718 -398.1745 3.5209 -28.4253 34.3127 -1258.7636 -16052.4863 -398.1745 1074366.4695 -2902.6580 23434.0695 103463.9475 -2458841.0770 111.8488 3.5209 -2902.6580 2.7377 -22.1022 -404.8567 8249.6770 -902.9908 -28.4253 23434.0695 -22.1022 178.4382 3268.5355 -66602.2323 113.5114 34.3127 103463.9475 -404.8567 3268.5355 -21501.1071 528542.7423 -2582.6632 -1258.7636 -2458841.0770 8249.6770 -66602.2323 528542.7423 -12501642.1133 ]
H_combined: [0.0483 -0.0261 0.0432 0.0325 0.0421 -0.0531 0.0028 -0.0334 0.0481 -0.0293 0.0501 0.0251 0.0406 -0.0564 0.0086 -0.0414 ]
Fisher Information Matrix: [0.0912 0.0522 0.0522 -0.0286 ]
--------------------------------------------

Step 5:
Reward: 1.800000
PEB: 0.000000
Rate: 408471864.568585 bps/Hz
Power: 30.000000 dBm
Action: [1.0000 -0.0659 -0.5091 -0.2757 -1.0000 0.8537 -0.2298 0.1969 0.8880 -0.9828 -0.7042 0.2127 -0.4245 1.0000 0.4200 -1.0000 -0.1066 1.0000 -0.0386 -0.5736 -0.5031 0.4628 -0.3092 1.0000 -0.1117 -1.0000 0.7192 -1.0000 0.4774 0.8329 -0.6100 -1.0000 -0.0339 1.0000 -1.0000 -0.5659 0.0713 1.0000 0.1631 -0.3433 1.0000 -0.1133 0.1164 -1.0000 0.6955 -1.0000 0.7527 -0.5733 1.0000 -0.9455 -0.9095 -1.0000 -0.6454 -0.6740 -0.9545 -0.2982 0.5735 -1.0000 1.0000 0.2510 0.4120 -0.4614 -0.4107 0.6711 ]
Jzao: [-328.3576 32.7494 4029.6636 -57.7608 466.3804 -119.3243 5572.0990 32.7494 1.0381 -266.1058 -2.1033 16.9830 -6.6476 1885.1434 4029.6636 -266.1058 -839381.3959 2621.3256 -21165.4947 -34562.9620 2140068.7925 -57.7608 -2.1033 2621.3256 -6.0230 48.6318 150.1371 -4734.5487 466.3804 16.9830 -21165.4947 48.6318 -392.6698 -1212.2592 38228.3930 -119.3243 -6.6476 -34562.9620 150.1371 -1212.2592 4799.9126 -571627.9673 5572.0990 1885.1434 2140068.7925 -4734.5487 38228.3930 -571627.9673 30232393.8396 ]
H_combined: [0.0256 -0.0137 0.0421 0.0201 0.0199 -0.0377 0.0006 -0.0430 0.0238 -0.0134 0.0447 0.0165 0.0170 -0.0377 0.0022 -0.0470 ]
Fisher Information Matrix: [-0.0378 -0.0786 -0.0786 0.0670 ]
--------------------------------------------

Step 6:
Reward: 0.113637
PEB: 8.799939
Rate: 434167406.954674 bps/Hz
Power: 30.000000 dBm
Action: [1.0000 -0.7944 -0.8232 1.0000 -0.9813 -1.0000 -0.3487 -0.4726 1.0000 0.2842 0.5315 1.0000 0.7755 0.0445 -0.9144 -0.6347 -0.8557 -0.3121 -0.9159 0.0900 0.8801 -0.0622 1.0000 -1.0000 -0.1429 0.8121 1.0000 0.0823 1.0000 -0.5276 1.0000 1.0000 0.4849 -0.8065 1.0000 -1.0000 1.0000 -1.0000 -0.1257 -1.0000 -0.2630 1.0000 -0.9728 -0.6755 -0.6234 -1.0000 -0.0351 -1.0000 0.0551 0.5720 -1.0000 0.2861 -0.5299 -0.6501 1.0000 0.0034 -0.9230 -0.2620 -0.0118 0.6640 0.9645 -0.7468 0.2998 0.9626 ]
Jzao: [-58.1535 1.3042 6967.8335 -35.9232 290.0933 -2.9354 716.8823 1.3042 -0.3195 591.4336 -1.8702 15.1024 22.7404 -97.7848 6967.8335 591.4336 -420749.8688 870.4622 -7029.3145 -2601.8939 423383.3114 -35.9232 -1.8702 870.4622 1.8532 -14.9652 83.2774 -2394.0489 290.0933 15.1024 -7029.3145 -14.9652 120.8497 -672.4969 19332.8594 -2.9354 22.7404 -2601.8939 83.2774 -672.4969 -7386.6521 41359.8924 716.8823 -97.7848 423383.3114 -2394.0489 19332.8594 41359.8924 2535287.0537 ]
H_combined: [0.0415 -0.0283 0.0492 0.0203 0.0371 -0.0518 0.0101 -0.0432 0.0395 -0.0294 0.0542 0.0139 0.0339 -0.0529 0.0139 -0.0500 ]
Fisher Information Matrix: [-0.0288 -0.0192 -0.0192 0.0001 ]
--------------------------------------------

Step 7:
Reward: 0.201749
PEB: 4.956648
Rate: 438674539.773992 bps/Hz
Power: 30.000000 dBm
Action: [-1.0000 -0.0469 -0.7680 -1.0000 -1.0000 0.8768 -0.4572 -1.0000 0.8924 0.1054 -1.0000 1.0000 0.2137 -0.7802 0.2183 -1.0000 -0.2756 -1.0000 1.0000 1.0000 -0.4120 -0.4676 -1.0000 -1.0000 0.0707 1.0000 0.6095 1.0000 -0.1947 0.5125 -1.0000 0.0689 -0.9021 0.6270 0.7634 0.1061 -0.2095 0.6215 1.0000 0.6293 0.6568 -0.1795 -1.0000 1.0000 -0.3520 -0.7036 -1.0000 -0.8169 0.2649 -1.0000 0.4364 1.0000 -0.2150 -0.5505 -0.4323 -0.6168 -1.0000 -0.8564 1.0000 -1.0000 0.8209 -1.0000 0.3639 -0.4152 ]
Jzao: [-81.6738 15.5922 -2682.3048 -4.7605 38.4474 -33.5957 1194.0014 15.5922 0.0112 336.1008 -1.6970 13.7061 -33.3302 995.3477 -2682.3048 336.1008 -460317.0588 1142.7511 -9229.3333 -37578.8576 781640.0034 -4.7605 -1.6970 1142.7511 -0.0652 0.5263 82.3498 -776.9740 38.4474 13.7061 -9229.3333 0.5263 -4.2508 -665.0914 6275.1648 -33.5957 -33.3302 -37578.8576 82.3498 -665.0914 -1632.7252 -121516.5025 1194.0014 995.3477 781640.0034 -776.9740 6275.1648 -121516.5025 5495612.3720 ]
H_combined: [0.0444 -0.0324 0.0509 0.0193 0.0414 -0.0547 0.0132 -0.0435 0.0423 -0.0336 0.0564 0.0122 0.0380 -0.0559 0.0175 -0.0509 ]
Fisher Information Matrix: [-0.0335 -0.0245 -0.0245 0.0103 ]
--------------------------------------------

Step 8:
Reward: 1.800000
PEB: 0.000000
Rate: 434052346.280630 bps/Hz
Power: 30.000000 dBm
Action: [1.0000 0.0657 -0.8620 -0.6276 -0.1504 0.7761 0.3965 -1.0000 -1.0000 -0.2866 1.0000 1.0000 -1.0000 -0.7744 -0.7680 -0.7630 1.0000 0.2211 0.6503 -1.0000 1.0000 1.0000 0.7544 0.8851 -0.8869 0.3504 -0.8554 1.0000 1.0000 -1.0000 1.0000 -1.0000 1.0000 -0.6410 -0.9137 0.3419 -1.0000 1.0000 -0.2632 1.0000 1.0000 -0.6323 0.2083 0.4635 -0.8122 -1.0000 0.6790 0.2555 0.0178 0.4244 1.0000 1.0000 -0.5076 0.6041 -0.1077 0.1032 -1.0000 -1.0000 1.0000 1.0000 0.4605 -0.1009 -0.6172 1.0000 ]
Jzao: [433.5868 -97.3115 62831.1243 -197.9932 1599.2802 198.1828 -6486.3428 -97.3115 -3.5186 -350.1478 13.2894 -107.3442 338.0251 -7411.4396 62831.1243 -350.1478 4500536.1776 -12969.4893 104760.4021 188070.0728 -2604653.2660 -197.9932 13.2894 -12969.4893 20.4004 -164.7831 118.7525 -10106.1454 1599.2802 -107.3442 104760.4021 -164.7831 1331.0273 -959.2175 81631.8853 198.1828 338.0251 188070.0728 118.7525 -959.2175 -12328.3793 824945.0765 -6486.3428 -7411.4396 -2604653.2660 -10106.1454 81631.8853 824945.0765 -30683393.9134 ]
H_combined: [0.0401 -0.0274 0.0440 0.0239 0.0390 -0.0486 0.0075 -0.0375 0.0390 -0.0292 0.0495 0.0174 0.0365 -0.0504 0.0119 -0.0445 ]
Fisher Information Matrix: [0.2645 0.2126 0.2126 0.0032 ]
--------------------------------------------

Step 9:
Reward: 0.020908
PEB: 47.828159
Rate: 378007021.621175 bps/Hz
Power: 30.000000 dBm
Action: [1.0000 0.6848 -1.0000 -1.0000 0.5714 -0.3465 1.0000 -1.0000 1.0000 -1.0000 -0.2068 0.0405 1.0000 1.0000 1.0000 -0.4287 -0.6725 1.0000 -0.1663 1.0000 -1.0000 0.7021 0.4240 0.5837 -1.0000 0.7323 0.0567 -0.6326 1.0000 1.0000 -1.0000 -0.3713 0.8203 0.4488 -0.4541 -0.7335 0.1869 -0.1702 0.1463 0.1322 -0.1221 -0.0370 -1.0000 -0.6755 1.0000 -1.0000 0.2436 0.4851 1.0000 0.3358 -0.3673 -0.1727 0.5565 -0.7611 0.1034 -0.0036 -0.8135 -0.9541 -0.0058 0.4417 1.0000 0.2164 1.0000 1.0000 ]
Jzao: [-11.6800 47.3615 18747.4358 -147.2580 1189.6217 61.7504 -851.3806 47.3615 -0.8490 1822.1391 -6.2128 50.1899 43.0788 2474.9111 18747.4358 1822.1391 -1449738.8230 3133.1646 -25311.2212 14081.1132 3786851.4550 -147.2580 -6.2128 3133.1646 4.9213 -39.7567 64.0228 -11030.5830 1189.6217 50.1899 -25311.2212 -39.7567 321.1738 -517.2074 89110.3914 61.7504 43.0788 14081.1132 64.0228 -517.2074 580.2921 320055.8023 -851.3806 2474.9111 3786851.4550 -11030.5830 89110.3914 320055.8023 -9940164.3674 ]
H_combined: [0.0074 -0.0041 0.0341 0.0156 0.0072 -0.0221 -0.0040 -0.0420 0.0054 -0.0024 0.0343 0.0147 0.0044 -0.0209 -0.0047 -0.0433 ]
Fisher Information Matrix: [-0.1862 -0.0211 -0.0211 -0.0019 ]
--------------------------------------------

Step 10:
Reward: 0.566040
PEB: 1.766660
Rate: 450465876.496778 bps/Hz
Power: 30.000000 dBm
Action: [-0.3631 0.5023 0.7379 -1.0000 -0.4132 -1.0000 -0.8352 -0.4595 0.9028 -0.7301 -0.2953 -0.7857 -0.4977 1.0000 -1.0000 0.8943 -0.3193 -0.7999 1.0000 -0.5061 -1.0000 -1.0000 1.0000 -1.0000 0.3091 -1.0000 -1.0000 -1.0000 1.0000 0.7045 -1.0000 -1.0000 0.3613 1.0000 0.7939 -1.0000 -1.0000 -0.9410 -0.4769 -0.0039 0.6291 0.2377 0.8733 1.0000 1.0000 0.0022 0.5220 -0.7301 0.0304 -0.8175 0.7087 1.0000 -0.4046 -1.0000 -0.1402 -0.1602 -0.7359 1.0000 0.0420 0.4946 0.6446 -0.2855 -0.4065 -0.1123 ]
Jzao: [-171.5853 -12.4156 941.3973 9.6726 -78.1497 -95.0279 2567.8704 -12.4156 -0.5112 958.7165 -3.0584 24.7102 23.6842 -752.9186 941.3973 958.7165 -688656.0545 1431.6889 -11567.3572 37290.2725 -675620.1589 9.6726 -3.0584 1431.6889 2.9624 -23.9344 -110.7225 1001.6138 -78.1497 24.7102 -11567.3572 -23.9344 193.3782 894.5844 -8092.5572 -95.0279 23.6842 37290.2725 -110.7225 894.5844 -8832.3737 -351415.7443 2567.8704 -752.9186 -675620.1589 1001.6138 -8092.5572 -351415.7443 12150294.0646 ]
H_combined: [0.0531 -0.0472 0.0602 0.0112 0.0538 -0.0653 0.0266 -0.0493 0.0497 -0.0481 0.0666 0.0024 0.0489 -0.0661 0.0316 -0.0584 ]
Fisher Information Matrix: [-0.0050 -0.0509 -0.0509 -0.0030 ]
--------------------------------------------

Step 11:
Reward: 1.800000
PEB: 0.000000
Rate: 431938291.632457 bps/Hz
Power: 30.000000 dBm
Action: [0.0830 -0.8795 -1.0000 0.3444 -1.0000 0.3930 -0.0446 1.0000 -1.0000 0.1837 -0.3776 0.6137 -1.0000 -0.2648 -1.0000 1.0000 0.0249 -0.5130 1.0000 -1.0000 1.0000 -0.0736 -0.5726 -1.0000 0.0701 0.2770 -1.0000 1.0000 -0.0627 -0.5383 0.7409 -0.4480 0.2458 1.0000 0.7936 -1.0000 0.5300 1.0000 0.7285 1.0000 1.0000 0.6713 0.2361 -0.2490 -0.5234 -0.4915 0.2927 -1.0000 1.0000 0.6716 0.9164 0.2349 -1.0000 0.0551 0.1087 -1.0000 0.2058 0.5253 0.1694 0.6954 0.4530 -1.0000 -0.6376 -1.0000 ]
Jzao: [-250.4064 2.0716 -6823.0005 31.3125 -253.0219 -149.2833 4339.4514 2.0716 0.1548 -33.0887 -0.3440 2.7797 -4.3491 302.9014 -6823.0005 -33.0887 -133001.1856 409.8825 -3312.0775 13292.3551 -218748.2646 31.3125 -0.3440 409.8825 -0.8967 7.2462 -79.1517 2020.4370 -253.0219 2.7797 -3312.0775 7.2462 -58.5533 639.5894 -16326.2476 -149.2833 -4.3491 13292.3551 -79.1517 639.5894 29336.8144 -858346.1854 4339.4514 302.9014 -218748.2646 2020.4370 -16326.2476 -858346.1854 23889433.0732 ]
H_combined: [0.0322 -0.0140 0.0214 0.0428 0.0372 -0.0325 -0.0110 -0.0149 0.0346 -0.0186 0.0281 0.0371 0.0384 -0.0374 -0.0051 -0.0215 ]
Fisher Information Matrix: [0.0395 -0.0491 -0.0491 0.0385 ]
--------------------------------------------

Step 12:
Reward: 1.800000
PEB: 0.000000
Rate: 364606703.576339 bps/Hz
Power: 30.000000 dBm
Action: [-0.1660 1.0000 0.1467 -1.0000 -0.7234 0.2765 1.0000 -0.1133 -1.0000 -0.0494 -1.0000 1.0000 -0.2059 -0.1766 -1.0000 1.0000 -0.8252 -0.1903 -0.4463 0.3826 0.5912 1.0000 0.0732 1.0000 0.6004 -0.4313 0.7943 0.0871 0.2506 -1.0000 -1.0000 -0.5715 -0.0540 -0.6698 -0.2669 -0.0747 -1.0000 -0.3043 0.3296 0.6081 0.0902 -0.1170 0.0622 0.4175 1.0000 -0.7809 -0.3145 -0.0732 -1.0000 -1.0000 -0.3149 0.3852 -0.9013 0.4287 -0.3480 0.8666 -0.6974 -1.0000 0.3797 -0.8693 1.0000 0.3704 0.3190 1.0000 ]
Jzao: [-92.6064 1.8855 -923.2123 2.3868 -19.2891 -50.3440 958.2070 1.8855 -0.1585 134.3527 -0.1444 1.1668 0.3125 138.1744 -923.2123 134.3527 2748.2626 -90.0927 728.0923 1192.8952 64768.7251 2.3868 -0.1444 -90.0927 0.9180 -7.4192 -4.9221 109.0365 -19.2891 1.1668 728.0923 -7.4192 59.9586 39.7782 -881.1878 -50.3440 0.3125 1192.8952 -4.9221 39.7782 868.5792 -272923.0960 958.2070 138.1744 64768.7251 109.0365 -881.1878 -272923.0960 2018424.5219 ]
H_combined: [-0.0034 0.0124 0.0088 0.0359 0.0027 -0.0029 -0.0252 -0.0177 -0.0015 0.0114 0.0099 0.0362 0.0039 -0.0047 -0.0246 -0.0182 ]
Fisher Information Matrix: [0.0014 -0.0027 -0.0027 0.0038 ]
--------------------------------------------

Step 13:
Reward: 1.800000
PEB: 0.000000
Rate: 427484336.792809 bps/Hz
Power: 30.000000 dBm
Action: [0.7474 1.0000 0.1255 0.3190 0.2545 0.3125 1.0000 0.8622 0.5521 -0.3081 1.0000 -0.3283 0.7554 0.0014 -1.0000 -0.7666 0.5414 1.0000 -0.2664 -0.0073 0.5206 -0.2781 0.1635 -1.0000 -0.1179 -0.2034 0.6890 0.6229 -1.0000 1.0000 -1.0000 1.0000 0.9124 1.0000 0.5864 1.0000 0.9815 0.6663 1.0000 -1.0000 0.7642 -0.8000 -0.9739 1.0000 0.7024 -1.0000 -1.0000 0.2661 -1.0000 0.3334 -0.2535 -1.0000 1.0000 -0.5492 0.0278 -0.8409 0.2056 -0.2550 -1.0000 -0.7197 -0.2346 1.0000 -1.0000 0.5227 ]
Jzao: [334.1607 14.2417 21958.9050 -124.8725 1009.2968 161.5697 -6712.5345 14.2417 -4.1587 4325.1889 -7.7481 62.6253 -40.3249 299.0425 21958.9050 4325.1889 -989730.1554 259.8861 -2100.5612 -80812.8775 1958253.6887 -124.8725 -7.7481 259.8861 24.0841 -194.6626 273.9299 -8743.8466 1009.2968 62.6253 -2100.5612 -194.6626 1573.3844 -2214.0717 70673.2025 161.5697 -40.3249 -80812.8775 273.9299 -2214.0717 -25283.5610 1107688.8302 -6712.5345 299.0425 1958253.6887 -8743.8466 70673.2025 1107688.8302 -41618037.7845 ]
H_combined: [0.0265 -0.0118 0.0180 0.0417 0.0345 -0.0273 -0.0121 -0.0134 0.0290 -0.0160 0.0241 0.0366 0.0358 -0.0319 -0.0068 -0.0193 ]
Fisher Information Matrix: [-0.1784 0.0442 0.0442 -0.0803 ]
--------------------------------------------

Step 14:
Reward: 1.142438
PEB: 0.875321
Rate: 380045709.331239 bps/Hz
Power: 30.000000 dBm
Action: [0.9718 0.1334 -0.8108 0.6099 -0.6281 -0.6554 -0.6855 0.3883 -0.9026 1.0000 0.1481 1.0000 1.0000 0.6028 0.6867 0.7953 -0.2142 -1.0000 -0.6181 -0.5189 -0.1163 0.1157 0.4209 -0.3191 0.6408 -0.5050 0.5176 1.0000 -1.0000 0.0240 0.5043 -0.6342 0.5936 -0.2478 -1.0000 -0.4083 0.1595 0.3290 1.0000 -0.8983 -1.0000 -1.0000 -0.3084 0.3512 -1.0000 0.4280 0.2064 -0.4961 0.4660 -1.0000 -1.0000 -1.0000 -0.9022 -0.4520 1.0000 -1.0000 -1.0000 0.0826 -1.0000 0.7298 0.2045 1.0000 -1.0000 -1.0000 ]
Jzao: [308.8495 -42.2379 21304.0289 -56.5840 457.4053 45.1059 -4693.5907 -42.2379 -1.5641 659.3688 1.8606 -15.0404 36.0045 -3075.9727 21304.0289 659.3688 908970.1786 -3065.9102 24783.7633 20814.3302 -1409734.0166 -56.5840 1.8606 -3065.9102 9.0563 -73.2078 9.0531 -2593.5902 457.4053 -15.0404 24783.7633 -73.2078 591.7868 -73.1822 20965.6909 45.1059 36.0045 20814.3302 9.0531 -73.1822 -1626.7253 204794.0222 -4693.5907 -3075.9727 -1409734.0166 -2593.5902 20965.6909 204794.0222 -22694803.3966 ]
H_combined: [0.0101 -0.0078 0.0249 0.0234 0.0182 -0.0200 -0.0059 -0.0291 0.0099 -0.0081 0.0270 0.0213 0.0170 -0.0208 -0.0046 -0.0318 ]
Fisher Information Matrix: [0.0408 0.0708 0.0708 -0.0460 ]
--------------------------------------------

Step 15:
Reward: 0.319571
PEB: 3.129191
Rate: 408411688.266875 bps/Hz
Power: 30.000000 dBm
Action: [0.3254 -1.0000 -0.8694 -0.1489 -1.0000 1.0000 0.1523 0.3720 -1.0000 0.2684 -0.4744 -0.4380 -0.9272 1.0000 -0.6107 1.0000 0.4389 -0.4176 0.5985 0.7141 -1.0000 -0.1689 0.7594 -1.0000 0.1181 0.5056 -0.7775 0.6757 1.0000 -0.2018 -0.0170 0.5533 0.2194 -0.1264 0.7106 0.8737 0.5833 -1.0000 0.1115 -0.7694 -0.1407 -0.9071 -0.8311 -0.9006 -0.4700 -0.7865 -0.3472 0.2315 1.0000 0.0216 0.4961 -0.4267 -0.5024 0.3150 -1.0000 -0.2075 0.3572 -0.7743 -0.4029 -0.1255 0.7635 -0.6133 -1.0000 0.7129 ]
Jzao: [48.0373 7.8910 -4316.5774 12.2371 -98.9329 60.9101 -1386.2789 7.8910 -0.8047 410.9713 0.6010 -4.8591 -12.1002 579.4597 -4316.5774 410.9713 372023.1483 -1340.8880 10840.6646 -8854.8462 245581.3098 12.2371 0.6010 -1340.8880 4.6581 -37.6595 6.1281 588.0356 -98.9329 -4.8591 10840.6646 -37.6595 304.4657 -49.5439 -4754.0855 60.9101 -12.1002 -8854.8462 6.1281 -49.5439 -7447.5521 354808.1048 -1386.2789 579.4597 245581.3098 588.0356 -4754.0855 354808.1048 -10387160.1349 ]
H_combined: [0.0175 -0.0182 0.0328 0.0177 0.0266 -0.0289 0.0037 -0.0343 0.0163 -0.0183 0.0356 0.0143 0.0243 -0.0294 0.0055 -0.0383 ]
Fisher Information Matrix: [-0.0030 0.0327 0.0327 -0.0072 ]
--------------------------------------------

Step 16:
Reward: 0.174425
PEB: 5.733127
Rate: 436318553.467890 bps/Hz
Power: 30.000000 dBm
Action: [0.3473 1.0000 -1.0000 0.0361 -1.0000 1.0000 0.7662 0.6877 -1.0000 0.3267 -1.0000 -1.0000 -1.0000 -0.7971 -1.0000 -0.1488 0.1116 0.6677 -0.4212 -1.0000 0.8643 0.8149 0.5019 -0.2750 1.0000 -0.1361 1.0000 0.9861 -0.0459 0.8611 -1.0000 0.4477 -1.0000 -1.0000 1.0000 0.9463 0.0464 -1.0000 -0.6670 -1.0000 -0.0499 0.8082 -1.0000 -0.3107 0.6002 1.0000 0.9074 -1.0000 1.0000 -1.0000 -0.9518 0.1879 -0.6004 0.5191 1.0000 -1.0000 -0.3290 -0.5067 -1.0000 -1.0000 -1.0000 1.0000 -0.3271 -0.0497 ]
Jzao: [-22.8963 -58.6420 31462.0711 -87.9224 710.9167 -208.9888 1969.7970 -58.6420 8.5899 -8397.3692 13.4125 -108.4495 170.0836 -4284.2029 31462.0711 -8397.3692 1340280.6668 1192.5621 -9642.7289 114762.5162 -1878368.8682 -87.9224 13.4125 1192.5621 -49.7131 401.9668 -37.9991 -4043.3390 710.9167 -108.4495 -9642.7289 401.9668 -3250.1926 307.2505 32693.3277 -208.9888 170.0836 114762.5162 -37.9991 307.2505 62492.1523 -1326938.7055 1969.7970 -4284.2029 -1878368.8682 -4043.3390 32693.3277 -1326938.7055 18500831.5941 ]
H_combined: [0.0331 -0.0323 0.0389 0.0187 0.0438 -0.0423 0.0124 -0.0335 0.0319 -0.0339 0.0442 0.0125 0.0413 -0.0440 0.0166 -0.0403 ]
Fisher Information Matrix: [0.1584 0.0209 0.0209 0.0411 ]
--------------------------------------------

Step 17:
Reward: 1.800000
PEB: 0.000000
Rate: 420860275.149575 bps/Hz
Power: 30.000000 dBm
Action: [-1.0000 1.0000 -0.6718 1.0000 -1.0000 1.0000 1.0000 -1.0000 -0.2275 0.5039 -0.4862 1.0000 -1.0000 0.2397 1.0000 -0.5950 -0.2525 0.2419 0.8165 0.7031 -0.3556 -0.6341 -0.1877 1.0000 -1.0000 -0.5358 -0.3246 1.0000 1.0000 -1.0000 0.1533 1.0000 1.0000 -0.8599 0.8065 1.0000 -1.0000 1.0000 1.0000 -0.6457 -1.0000 0.3363 0.5309 1.0000 -0.4061 0.0383 -0.5018 -1.0000 -0.2249 -0.7769 1.0000 -0.0903 -0.4713 -1.0000 -1.0000 1.0000 -0.4906 -0.1065 1.0000 0.0764 -0.7813 0.6449 0.7576 1.0000 ]
Jzao: [739.8566 59.0495 -51371.5124 185.8234 -1502.7094 355.5320 -12959.0870 59.0495 -7.2404 -1698.8589 32.0319 -259.0344 -157.1816 4808.2824 -51371.5124 -1698.8589 10471816.8394 -29655.1687 239814.2224 -70668.2917 891287.4612 185.8234 32.0319 -29655.1687 41.8939 -338.7863 -139.8785 10554.5322 -1502.7094 -259.0344 239814.2224 -338.7863 2739.6831 1131.1641 -85351.9656 355.5320 -157.1816 -70668.2917 -139.8785 1131.1641 -40222.4996 1845281.9461 -12959.0870 4808.2824 891287.4612 10554.5322 -85351.9656 1845281.9461 -72151984.1856 ]
H_combined: [0.0223 -0.0228 0.0306 0.0211 0.0349 -0.0312 0.0048 -0.0290 0.0218 -0.0241 0.0348 0.0165 0.0331 -0.0328 0.0080 -0.0342 ]
Fisher Information Matrix: [0.4581 0.5161 0.5161 0.1185 ]
--------------------------------------------

Step 18:
Reward: 0.198828
PEB: 5.029482
Rate: 425153730.609784 bps/Hz
Power: 30.000000 dBm
Action: [-0.9731 -0.7477 -0.1330 -0.9937 -1.0000 -1.0000 1.0000 -0.8833 0.3824 1.0000 -0.6903 1.0000 -1.0000 -1.0000 -1.0000 -0.9101 -0.9852 -1.0000 0.3692 0.0395 -0.5444 -0.0016 -0.7761 -0.7537 -1.0000 -1.0000 1.0000 -1.0000 -0.3462 1.0000 1.0000 -0.6345 -0.2967 -0.3704 -0.3773 0.8993 0.4018 -0.5698 1.0000 -0.0625 -0.6812 -1.0000 1.0000 -0.4970 1.0000 -0.1825 -1.0000 -1.0000 -0.4801 0.2671 0.8161 -1.0000 -1.0000 -1.0000 0.9963 -1.0000 -0.6164 1.0000 0.1499 -0.2302 1.0000 -0.0015 0.6270 -0.2682 ]
Jzao: [45.9565 -9.3698 -7520.3902 47.9201 -387.5677 34.4943 -903.9554 -9.3698 -0.6257 489.6550 -0.3772 3.0507 -20.6315 -384.4641 -7520.3902 489.6550 63193.5553 -483.5798 3911.0936 3536.2143 -930572.5144 47.9201 -0.3772 -483.5798 3.6193 -29.2725 -81.6706 3400.1024 -387.5677 3.0507 3911.0936 -29.2725 236.7503 660.5350 -27499.3293 34.4943 -20.6315 3536.2143 -81.6706 660.5350 -2598.5326 178185.9108 -903.9554 -384.4641 -930572.5144 3400.1024 -27499.3293 178185.9108 -5512797.9391 ]
H_combined: [0.0212 -0.0283 0.0385 0.0104 0.0344 -0.0344 0.0136 -0.0385 0.0188 -0.0280 0.0416 0.0060 0.0309 -0.0344 0.0156 -0.0433 ]
Fisher Information Matrix: [0.0127 0.0080 0.0080 -0.0212 ]
--------------------------------------------

Step 19:
Reward: 0.085491
PEB: 11.697072
Rate: 382054625.705841 bps/Hz
Power: 30.000000 dBm
Action: [1.0000 -1.0000 0.9392 -0.6414 -1.0000 1.0000 -0.5430 -0.6423 -0.6002 -0.5250 1.0000 -0.2728 0.5341 -1.0000 0.1406 -0.0634 0.5758 1.0000 0.0124 -0.3715 0.2012 -0.1475 0.4442 0.1293 0.5289 0.1802 0.7889 -0.7985 0.7770 -0.7271 0.0750 -1.0000 -1.0000 0.8697 -0.3886 -0.1905 0.5075 1.0000 1.0000 -1.0000 -1.0000 -1.0000 1.0000 1.0000 0.2243 -0.4206 -0.4698 0.7625 -0.1378 0.9949 -1.0000 0.1464 -0.0203 0.8816 0.2517 -0.6469 -0.5639 0.5335 -1.0000 -0.0804 0.0526 0.3479 -1.0000 -1.0000 ]
Jzao: [192.0464 -5.9442 1865.4271 -2.3824 19.2704 -10.3982 -3431.0584 -5.9442 -0.5591 410.3227 -0.2038 1.6485 -2.7289 -405.1137 1865.4271 410.3227 92173.5732 -520.1049 4207.0395 -286.5348 -254179.9324 -2.3824 -0.2038 -520.1049 3.2335 -26.1555 -7.0801 -5.6725 19.2704 1.6485 4207.0395 -26.1555 211.5675 57.2699 45.8836 -10.3982 -2.7289 -286.5348 -7.0801 57.2699 756.1378 -85877.2503 -3431.0584 -405.1137 -254179.9324 -5.6725 45.8836 -85877.2503 -19558346.0192 ]
H_combined: [-0.0060 -0.0069 0.0260 0.0080 0.0087 -0.0104 0.0005 -0.0373 -0.0082 -0.0044 0.0253 0.0082 0.0058 -0.0085 -0.0012 -0.0376 ]
Fisher Information Matrix: [-0.0279 0.0405 0.0405 -0.0409 ]
--------------------------------------------

Step 20:
Reward: 1.800000
PEB: 0.000000
Rate: 424034191.283797 bps/Hz
Power: 30.000000 dBm
Action: [1.0000 -1.0000 1.0000 0.5919 1.0000 0.3919 0.3055 -0.0849 0.9721 -1.0000 0.0509 -0.9328 -1.0000 1.0000 1.0000 -0.8691 0.7114 -0.7278 1.0000 -1.0000 0.4754 0.5967 0.3763 -0.4272 -1.0000 0.6078 -0.2520 -1.0000 1.0000 -0.5220 0.6792 -1.0000 -0.0069 0.8296 1.0000 -0.7053 -0.9218 -1.0000 -0.9761 0.7890 0.0244 0.5205 0.0047 0.2170 -1.0000 -0.8802 -0.2253 0.2764 -1.0000 -0.0726 0.1280 -1.0000 0.7779 -1.0000 -0.5054 0.1465 1.0000 0.3760 0.3943 1.0000 0.0002 -0.8004 0.4500 1.0000 ]
Jzao: [23.3354 -9.6631 11048.3389 -43.4716 351.6793 33.3306 -688.7098 -9.6631 -1.2934 1517.1883 -3.2799 26.5339 31.2172 -850.8389 11048.3389 1517.1883 -536758.3838 649.5710 -5254.9410 10936.8572 -13329.3330 -43.4716 -3.2799 649.5710 7.4785 -60.5000 43.2010 -2584.0267 351.6793 26.5339 -5254.9410 -60.5000 489.4367 -349.4899 20904.4244 33.3306 31.2172 10936.8572 43.2010 -349.4899 -6506.1439 206731.3456 -688.7098 -850.8389 -13329.3330 -2584.0267 20904.4244 206731.3456 -5196349.0543 ]
H_combined: [0.0209 -0.0254 0.0283 0.0201 0.0382 -0.0295 0.0067 -0.0264 0.0205 -0.0269 0.0327 0.0153 0.0366 -0.0313 0.0101 -0.0317 ]
Fisher Information Matrix: [-0.0413 -0.0114 -0.0114 -0.0243 ]
--------------------------------------------

Step 21:
Reward: 0.195081
PEB: 5.126076
Rate: 434942101.971779 bps/Hz
Power: 30.000000 dBm
Action: [1.0000 0.3490 0.2891 1.0000 -1.0000 -1.0000 0.1514 -0.1907 -1.0000 0.7154 -0.2420 0.8241 1.0000 -0.2221 -1.0000 -1.0000 0.2329 -1.0000 0.6525 0.5928 -1.0000 0.5316 0.7877 1.0000 -0.1502 1.0000 0.3741 1.0000 -0.9739 -0.8884 -0.1038 1.0000 -0.6944 1.0000 0.1218 1.0000 -0.4259 1.0000 1.0000 -0.1231 -0.5261 -0.3897 0.7227 1.0000 0.8545 0.8347 -0.6987 0.5145 1.0000 -0.5104 1.0000 -0.9639 -1.0000 0.5360 -0.1106 1.0000 0.4625 -1.0000 -0.6024 -0.0154 -0.5662 -1.0000 -0.2919 -1.0000 ]
Jzao: [273.5913 41.9660 251.5265 -49.4358 399.9798 191.3571 -5001.1847 41.9660 -5.8720 4728.9888 -4.2391 34.2977 -37.9692 2500.5656 251.5265 4728.9888 409134.8458 -4077.8012 32993.0767 -69941.7287 2475438.1180 -49.4358 -4.2391 -4077.8012 33.9452 -274.6469 227.1780 -4436.5035 399.9798 34.2977 32993.0767 -274.6469 2222.1399 -1838.0740 35895.3004 191.3571 -37.9692 -69941.7287 227.1780 -1838.0740 -24349.7822 991215.0182 -5001.1847 2500.5656 2475438.1180 -4436.5035 35895.3004 991215.0182 -28805108.7185 ]
H_combined: [0.0261 -0.0337 0.0347 0.0147 0.0445 -0.0361 0.0147 -0.0310 0.0247 -0.0349 0.0394 0.0090 0.0419 -0.0375 0.0184 -0.0372 ]
Fisher Information Matrix: [-0.0856 0.0714 0.0714 -0.0149 ]
--------------------------------------------

Step 22:
Reward: 1.800000
PEB: 0.000000
Rate: 402701546.008919 bps/Hz
Power: 30.000000 dBm
Action: [-0.5101 1.0000 -0.6778 -0.8916 -0.1159 -1.0000 1.0000 0.1940 0.6000 -1.0000 -1.0000 1.0000 -0.2946 -1.0000 -0.0555 -0.1890 0.2893 0.2013 -0.0451 -1.0000 -1.0000 -0.9825 -0.5185 -0.6567 1.0000 0.0297 0.9315 0.3625 1.0000 1.0000 -1.0000 -1.0000 -0.3217 0.3005 1.0000 0.1081 -0.0879 -0.4625 0.4152 0.4554 0.3604 1.0000 -0.7829 -0.8989 0.1735 0.3848 0.1437 -0.1907 -0.4572 -1.0000 -1.0000 0.1751 -1.0000 -0.6806 0.5253 0.5870 -1.0000 -1.0000 1.0000 0.2834 -0.4133 -1.0000 -0.9914 1.0000 ]
Jzao: [176.3290 9.0556 -6896.3904 23.6697 -191.5338 28.2505 -3023.3128 9.0556 -0.3274 366.1410 -0.7432 6.0136 -11.1194 705.7465 -6896.3904 366.1410 -112305.2898 106.4492 -861.3796 -10023.4056 178419.1930 23.6697 -0.7432 106.4492 1.8924 -15.3129 14.8525 1318.4457 -191.5338 6.0136 -861.3796 -15.3129 123.9110 -120.1855 -10668.7754 28.2505 -11.1194 -10023.4056 14.8525 -120.1855 2048.2555 117174.2222 -3023.3128 705.7465 178419.1930 1318.4457 -10668.7754 117174.2222 -16570522.4865 ]
H_combined: [0.0052 -0.0201 0.0293 0.0078 0.0248 -0.0198 0.0091 -0.0348 0.0031 -0.0189 0.0306 0.0056 0.0218 -0.0190 0.0094 -0.0375 ]
Fisher Information Matrix: [-0.0430 0.0280 0.0280 -0.0317 ]
--------------------------------------------

Step 23:
Reward: 1.800000
PEB: 0.000000
Rate: 417264877.584556 bps/Hz
Power: 30.000000 dBm
Action: [-0.0165 1.0000 -1.0000 -1.0000 0.3336 -1.0000 0.0275 -0.0589 -0.3890 -1.0000 0.3986 1.0000 -1.0000 0.2129 0.6382 -0.5008 1.0000 1.0000 0.4382 -1.0000 -1.0000 1.0000 0.8630 -0.6032 -0.3793 0.2709 0.8957 1.0000 1.0000 0.6954 -0.8767 -0.0745 0.0788 -0.7786 -1.0000 -0.1475 -0.2395 0.9214 1.0000 0.6635 -0.7562 -0.4515 0.5009 0.7788 0.6996 0.8210 -1.0000 0.4011 1.0000 0.6587 -0.0085 -0.2340 -1.0000 -0.7404 1.0000 0.6719 1.0000 0.0215 0.5141 -0.4371 -0.2896 1.0000 1.0000 1.0000 ]
Jzao: [404.2997 -42.0667 8340.5573 7.0710 -57.2251 136.1552 -6263.0715 -42.0667 -0.1477 -2664.9489 13.6439 -110.4196 60.0656 -2744.8366 8340.5573 -2664.9489 3675431.5956 -9154.5012 74087.0900 47699.7836 -2071345.6260 7.0710 13.6439 -9154.5012 0.8535 -6.9075 -48.3204 1672.6296 -57.2251 -110.4196 74087.0900 -6.9075 55.9023 391.0552 -13536.5390 136.1552 60.0656 47699.7836 -48.3204 391.0552 -13986.4334 659379.0003 -6263.0715 -2744.8366 -2071345.6260 1672.6296 -13536.5390 659379.0003 -30838434.9367 ]
H_combined: [0.0137 -0.0200 0.0177 0.0250 0.0364 -0.0198 0.0004 -0.0171 0.0145 -0.0222 0.0221 0.0210 0.0361 -0.0225 0.0039 -0.0219 ]
Fisher Information Matrix: [0.2037 0.1854 0.1854 -0.0030 ]
--------------------------------------------

Step 24:
Reward: 1.800000
PEB: 0.000000
Rate: 408225478.114702 bps/Hz
Power: 30.000000 dBm
Action: [0.8310 -0.9972 -1.0000 -1.0000 0.4341 0.3017 -1.0000 -1.0000 1.0000 -1.0000 0.7589 0.3345 -0.9770 1.0000 0.0516 -1.0000 1.0000 1.0000 0.2797 0.1071 -0.9999 0.1753 0.9245 -1.0000 0.3759 0.2023 -0.9577 0.4805 -0.4447 -0.7603 -0.1094 1.0000 -0.5421 0.0077 1.0000 0.4802 -0.6244 -0.8455 1.0000 -0.8268 1.0000 -0.2292 1.0000 0.4808 0.0012 0.8084 -0.7063 0.3752 1.0000 0.2740 -0.3491 0.7290 -0.8854 0.5704 -0.2450 -1.0000 0.8971 -0.7770 -0.5165 1.0000 -0.1023 0.2503 1.0000 -0.6449 ]
Jzao: [211.2398 23.3372 1666.8969 -35.0010 283.2981 34.7568 -2935.0921 23.3372 -0.2280 -707.2950 4.2346 -34.2746 -17.0683 1370.9974 1666.8969 -707.2950 1187755.3357 -3052.3353 24705.6126 -24079.5932 1465813.3394 -35.0010 4.2346 -3052.3353 1.3171 -10.6609 65.6990 -2963.7456 283.2981 -34.2746 24705.6126 -10.6609 86.2892 -531.7680 23988.5672 34.7568 -17.0683 -24079.5932 65.6990 -531.7680 -260.3130 122331.1252 -2935.0921 1370.9974 1465813.3394 -2963.7456 23988.5672 122331.1252 -12601514.7175 ]
H_combined: [0.0094 -0.0204 0.0197 0.0192 0.0333 -0.0181 0.0034 -0.0213 0.0094 -0.0215 0.0231 0.0159 0.0323 -0.0198 0.0058 -0.0253 ]
Fisher Information Matrix: [0.0146 0.0735 0.0735 0.0225 ]
--------------------------------------------

Step 25:
Reward: 1.800000
PEB: 0.000000
Rate: 430366838.501569 bps/Hz
Power: 30.000000 dBm
Action: [1.0000 -0.4366 0.4211 0.8133 -1.0000 1.0000 -1.0000 -1.0000 -1.0000 0.2002 -1.0000 0.1852 -0.8556 1.0000 0.4967 1.0000 -0.0790 -0.2600 -1.0000 1.0000 -1.0000 -0.3670 0.8803 1.0000 0.2019 0.5044 0.5835 -0.6593 0.9594 -0.2473 -1.0000 -0.2685 1.0000 -1.0000 1.0000 1.0000 -0.2420 1.0000 -1.0000 -0.2189 -0.1868 -1.0000 -0.7095 0.4677 0.1355 0.7700 0.6755 -0.4755 0.7622 -1.0000 0.0776 0.8280 -1.0000 -0.2498 1.0000 -0.0186 -0.9193 -0.7067 -0.2565 1.0000 0.7899 0.1697 1.0000 0.3892 ]
Jzao: [-289.0840 19.0739 -26401.1866 108.5417 -878.6493 -173.8797 5339.5604 19.0739 2.1372 -889.2249 -2.5475 20.6220 -82.2273 1777.3795 -26401.1866 -889.2249 -1239106.7750 4173.6346 -33785.7333 -35790.6662 -207263.6585 108.5417 -2.5475 4173.6346 -12.3436 99.9222 -79.8131 6570.3793 -878.6493 20.6220 -33785.7333 99.9222 -808.8745 646.0901 -53187.4739 -173.8797 -82.2273 -35790.6662 -79.8131 646.0901 17142.3482 -899751.0943 5339.5604 1777.3795 -207263.6585 6570.3793 -53187.4739 -899751.0943 31038946.1383 ]
H_combined: [0.0183 -0.0328 0.0294 0.0121 0.0432 -0.0289 0.0150 -0.0278 0.0170 -0.0336 0.0336 0.0072 0.0407 -0.0300 0.0180 -0.0333 ]
Fisher Information Matrix: [-0.0107 -0.1025 -0.1025 0.0309 ]
--------------------------------------------

Step 26:
Reward: 1.800000
PEB: 0.000000
Rate: 297889109.387967 bps/Hz
Power: 30.000000 dBm
Action: [-0.9380 -0.0424 -1.0000 -0.0494 0.0348 -0.1740 -0.0262 -0.4395 -0.0996 -0.3595 -1.0000 -0.2036 -1.0000 0.4995 0.7919 -0.9486 0.5710 0.2728 0.0004 -0.1331 -1.0000 -0.0631 -1.0000 0.7328 -0.9441 0.8723 0.1362 0.4002 1.0000 -1.0000 -0.6242 0.2188 -1.0000 -0.5177 -1.0000 0.1590 1.0000 -0.4736 0.0102 -1.0000 1.0000 1.0000 -0.3165 -1.0000 0.3917 -0.0903 0.4993 -0.9871 -0.9640 -0.9326 -0.1978 -0.6953 -0.2424 -1.0000 0.5149 -1.0000 0.5682 0.7478 -0.7614 0.6584 -1.0000 -0.4384 -1.0000 0.7149 ]
Jzao: [-590.6144 11.7061 6779.0273 -46.9011 379.7147 -12.1373 9173.3506 11.7061 1.1331 -53.3005 -3.4135 27.6362 -5.0240 562.9603 6779.0273 -53.3005 -1205454.0541 3567.0548 -28879.1381 -2217.0489 1050769.1388 -46.9011 -3.4135 3567.0548 -6.5428 52.9709 -4.7330 -3432.8386 379.7147 27.6362 -28879.1381 52.9709 -428.8563 38.3190 27792.5144 -12.1373 -5.0240 -2217.0489 -4.7330 38.3190 -560.5442 -92512.5963 9173.3506 562.9603 1050769.1388 -3432.8386 27792.5144 -92512.5963 45477854.9486 ]
H_combined: [-0.0114 -0.0060 0.0099 0.0163 0.0157 0.0002 -0.0050 -0.0197 -0.0113 -0.0055 0.0104 0.0163 0.0150 -0.0000 -0.0052 -0.0205 ]
Fisher Information Matrix: [-0.0039 -0.1277 -0.1277 0.0762 ]
--------------------------------------------

Step 27:
Reward: 0.317883
PEB: 3.145813
Rate: 397056915.026601 bps/Hz
Power: 30.000000 dBm
Action: [-0.2763 -1.0000 1.0000 -0.0945 -1.0000 0.6876 1.0000 0.8581 0.9034 1.0000 1.0000 1.0000 -0.2905 0.5889 -0.6553 -0.2117 1.0000 1.0000 0.2720 0.5437 -0.1583 0.2655 1.0000 -0.7068 -1.0000 -0.5974 0.2668 -0.5290 0.5179 0.5600 0.2586 1.0000 0.6522 0.8213 0.2761 -0.0259 0.2803 0.3777 -0.8697 0.1796 -0.9198 -1.0000 -1.0000 -0.8441 0.6996 -1.0000 -1.0000 -1.0000 0.7122 0.9718 -0.1617 -0.8503 0.2812 -0.6492 0.7477 -1.0000 0.4553 0.1905 -0.8335 1.0000 -0.6420 -0.9601 0.4600 -0.1610 ]
Jzao: [-240.8267 56.2856 5852.6716 -93.3888 756.1792 -29.6145 3490.6117 56.2856 3.2671 -1083.4862 -5.2426 42.4501 -24.7363 3272.3523 5852.6716 -1083.4862 -2251430.4583 7260.1642 -58786.3399 -40853.7780 3630689.5499 -93.3888 -5.2426 7260.1642 -18.8614 152.7231 124.5455 -7714.0394 756.1792 42.4501 -58786.3399 152.7231 -1236.6156 -1008.4581 62461.4162 -29.6145 -24.7363 -40853.7780 124.5455 -1008.4581 170.7898 -113200.0443 3490.6117 3272.3523 3630689.5499 -7714.0394 62461.4162 -113200.0443 15889011.4128 ]
H_combined: [0.0026 -0.0197 0.0166 0.0155 0.0312 -0.0125 0.0044 -0.0204 0.0024 -0.0203 0.0193 0.0130 0.0300 -0.0136 0.0061 -0.0236 ]
Fisher Information Matrix: [-0.1769 -0.0959 -0.0959 0.0312 ]
--------------------------------------------

Step 28:
Reward: 1.800000
PEB: 0.000000
Rate: 296219365.824564 bps/Hz
Power: 30.000000 dBm
Action: [-0.0807 -0.0735 -0.4883 0.7806 -0.6978 -0.1031 1.0000 -1.0000 -0.6597 0.2885 -0.5868 1.0000 0.1259 -0.1060 1.0000 -0.8214 -0.6393 0.3425 -0.0812 -0.5934 0.4465 -1.0000 0.0608 -0.2939 -0.9362 1.0000 -0.9528 -0.8270 -1.0000 0.0607 -1.0000 0.2377 1.0000 0.2322 -1.0000 1.0000 0.2321 -1.0000 -0.1208 -0.3159 0.8664 -1.0000 0.5927 0.2724 1.0000 1.0000 0.1946 0.5932 0.9478 1.0000 1.0000 -0.0586 -0.0915 0.7360 0.3079 0.9473 -0.4201 -0.3445 0.1470 0.2144 0.4384 1.0000 -0.9079 0.2781 ]
Jzao: [-164.6969 3.3581 -8844.2597 39.8417 -322.6441 -13.3342 2130.3749 3.3581 0.3304 -176.6203 -0.1984 1.6066 6.0918 406.0732 -8844.2597 -176.6203 -139476.9192 516.2611 -4180.7567 3779.7956 -262291.9547 39.8417 -0.1984 516.2611 -1.9072 15.4451 0.3626 2564.3512 -322.6441 1.6066 -4180.7567 15.4451 -125.0765 -2.9367 -20766.4855 -13.3342 6.0918 3779.7956 0.3626 -2.9367 -580.0273 -86097.0627 2130.3749 406.0732 -262291.9547 2564.3512 -20766.4855 -86097.0627 8153703.0429 ]
H_combined: [-0.0156 -0.0053 0.0070 0.0149 0.0147 0.0042 -0.0050 -0.0181 -0.0155 -0.0046 0.0072 0.0154 0.0141 0.0041 -0.0056 -0.0184 ]
Fisher Information Matrix: [0.0126 -0.0217 -0.0217 0.0104 ]
--------------------------------------------

Step 29:
Reward: 0.290335
PEB: 3.444301
Rate: 434303624.806203 bps/Hz
Power: 30.000000 dBm
Action: [1.0000 -0.2366 -0.0961 -0.5702 -1.0000 1.0000 1.0000 -1.0000 -0.7626 0.9487 -0.7491 1.0000 -0.9240 0.6812 -1.0000 -0.7796 0.6630 0.6218 1.0000 -0.2223 1.0000 1.0000 -0.1304 -0.2854 -0.1205 0.9830 -1.0000 -0.5844 -0.6488 0.1577 -1.0000 -1.0000 1.0000 0.4647 -0.7099 -0.9442 -0.7589 -0.6996 -0.4212 1.0000 -0.3646 -1.0000 -0.1772 -0.6691 1.0000 0.1139 -0.5232 -1.0000 1.0000 0.4840 0.7170 -1.0000 -0.8661 0.8734 -1.0000 0.3783 -0.8136 1.0000 -1.0000 -1.0000 0.1457 1.0000 0.8174 0.7106 ]
Jzao: [-128.1071 37.9593 2753.9728 -57.0529 462.0817 -121.7320 2718.3029 37.9593 2.2271 381.7059 -9.0977 73.6835 25.5820 2211.2211 2753.9728 381.7059 -2999872.6937 8566.0747 -69378.1749 -20366.4336 2356742.3906 -57.0529 -9.0977 8566.0747 -12.8515 104.0866 180.5625 -4729.8912 462.0817 73.6835 -69378.1749 104.0866 -843.0161 -1462.4082 38308.2368 -121.7320 25.5820 -20366.4336 180.5625 -1462.4082 123.8496 -606556.6270 2718.3029 2211.2211 2356742.3906 -4729.8912 38308.2368 -606556.6270 17421887.9750 ]
H_combined: [0.0106 -0.0382 0.0348 -0.0029 0.0410 -0.0269 0.0255 -0.0368 0.0073 -0.0369 0.0371 -0.0069 0.0366 -0.0259 0.0266 -0.0412 ]
Fisher Information Matrix: [-0.1937 -0.1305 -0.1305 -0.0026 ]
--------------------------------------------

Step 30:
Reward: 1.800000
PEB: 0.000000
Rate: 415932439.249472 bps/Hz
Power: 30.000000 dBm
